0 1
1 0 0.273952
2 0 0.250372
3 0 0.201399
4 0 0.234231
5 0 0.284174
6 0 0.208421
7 0 0.156652
8 0 0.285618
9 0 0.146114
10 0 0.170406
11 0 0.189009
12 0 0.156903
13 0 0.146893
14 0 0.189167
15 0 0.173377
16 0 0.268835
17 0 0.155684
18 0 0.163486
19 0 0.246749
20 0 0.188214
21 0 0.161712
22 0 0.153037
23 0 0.191526
24 0 0.212755
25 0 0.267757
26 0 0.161829
27 0 0.19411
28 0 0.229582
29 0 0.202989
30 0 0.179994
31 0 0.247483
32 0 0.173616
33 0 0.144739
34 0 0.168211
35 0 0.257504
36 0 0.266294
37 0 0.16618
38 0 0.288162
39 0 0.153821
40 0 0.263276
41 0 0.288162
42 0 0.260083
43 0 0.180851
44 0 0.150283
45 0 0.172365
46 0 0.157352
47 0 0.153805
48 0 0.18175
49 0 0.288162
50 0 0.281105
51 0 0.159641
52 0 0.174481
53 0 0.288826
54 0 0.29887
55 0 0.258132
56 0 0.174574
57 0 0.183771
58 0 0.288162
59 0 0.14603
60 0 0.290644
61 0 0.290782
62 0 0.187558
63 0 0.288216
64 0 0.162541
65 0 0.288162
66 0 0.157367
67 0 0.278297
68 0 0.157387
69 0 0.177843
70 0 0.287331
71 0 0.23915
72 0 0.286983
73 0 0.155251
74 0 0.149171
75 0 0.168075
76 0 0.289717
77 0 0.157706
78 0 0.198473
79 0 0.145365
80 0 0.173556
81 0 0.288162
82 0 0.197639
83 0 0.190515
84 0 0.142164
85 0 0.288494
86 0 0.172831
87 0 0.147397
88 0 0.178097
89 0 0.288162
90 0 0.169934
91 0 0.288162
92 0 0.163743
93 0 0.287731
94 0 0.169726
95 0 0.15391
96 0 0.165223
97 0 0.155239
98 0 0.176048
99 0 0.163516
100 0 0.185305
101 0 0.251026
102 0 0.147081
103 0 0.28618
104 0 0.24884
105 0 0.256225
106 0 0.288137
107 0 0.288162
108 0 0.161491
109 0 0.186467
110 0 0.169175
111 0 0.162703
112 0 0.288568
113 0 0.147541
114 0 0.238159
115 0 0.18695
116 0 0.165457
117 0 0.288162
118 0 0.141981
119 0 0.288494
120 0 0.288162
121 0 0.156892
122 0 0.147153
123 0 0.28474
124 0 0.14927
125 0 0.288162
126 0 0.283579
127 0 0.275804
128 0 0.262277
129 0 0.288838
130 0 0.150365
131 0 0.287513
132 0 0.283672
133 0 0.288577
134 0 0.284901
135 0 0.210181
136 0 0.192274
137 0 0.287348
138 0 0.287205
139 0 0.283299
140 0 0.274376
141 0 0.239919
142 0 0.28834
143 0 0.276854
144 0 0.141589
145 0 0.160334
146 0 0.140745
147 0 0.280166
148 0 0.151788
149 0 0.186199
150 0 0.288494
151 0 0.286289
152 0 0.288162
153 0 0.289873
154 0 0.196503
155 0 0.285487
156 0 0.168722
157 0 0.163366
158 0 0.282862
159 0 0.16054
160 0 0.148031
161 0 0.183145
162 0 0.175385
163 0 0.166494
164 0 0.169881
165 0 0.154624
166 0 0.29004
167 0 0.288547
168 0 0.286965
169 0 0.277598
170 0 0.287764
171 0 0.288568
172 0 0.274285
173 0 0.288162
174 0 0.169606
175 0 0.14892
176 0 0.144214
177 0 0.288162
178 0 0.164894
179 0 0.140612
180 0 0.287112
181 0 0.142902
182 0 0.243577
183 0 0.176669
184 0 0.156111
185 0 0.288162
186 0 0.191527
187 0 0.216352
188 0 0.153973
189 0 0.175476
190 0 0.286862
191 0 0.291533
192 0 0.289827
193 0 0.288162
194 0 0.197093
195 0 0.272559
196 0 0.30203
197 0 0.14783
198 0 0.2289
199 0 0.287233
200 0 0.153401
201 0 0.152827
202 0 0.288644
203 0 0.184181
204 0 0.141575
205 0 0.284399
206 0 0.269201
207 0 0.1806
208 0 0.151692
209 0 0.289315
210 0 0.288162
211 0 0.166578
212 0 0.186746
213 0 0.288162
214 0 0.288568
215 0 0.172938
216 0 0.288162
217 0 0.21694
218 0 0.180822
219 0 0.143811
220 0 0.288162
221 0 0.286965
222 0 0.154624
223 0 0.287346
224 0 0.164142
225 0 0.161305
226 0 0.144764
227 0 0.227768
228 0 0.142285
229 0 0.177243
230 0 0.288162
231 0 0.222603
232 0 0.289751
233 0 0.207284
234 0 0.157282
235 0 0.287514
236 0 0.289462
237 0 0.197906
238 0 0.144222
239 0 0.148757
240 0 0.273918
241 0 0.282848
242 0 0.288162
243 0 0.282865
244 0 0.143264
245 0 0.150001
246 0 0.288162
247 0 0.152954
248 0 0.174388
249 0 0.290084
250 0 0.28275
251 0 0.148365
252 0 0.287455
253 0 0.192919
254 0 0.287668
255 0 0.288216
256 0 0.289412
257 0 0.142024
258 0 0.190543
259 0 0.234666
260 0 0.148865
261 0 0.144497
262 0 0.225348
263 0 0.283441
264 0 0.14504
265 0 0.143794
266 0 0.288941
267 0 0.289565
268 0 0.288931
269 0 0.175209
270 0 0.238555
271 0 0.17911
272 0 0.142154
273 0 0.170897
274 0 0.280349
275 0 0.283405
276 0 0.288392
277 0 0.288568
278 0 0.161684
279 0 0.286045
280 0 0.288162
281 0 0.152781
282 0 0.210633
283 0 0.289646
284 0 0.288162
285 0 0.148369
286 0 0.160201
287 0 0.286932
288 0 0.197998
289 0 0.187136
290 0 0.27344
291 0 0.146937
292 0 0.28788
293 0 0.291562
294 0 0.284987
295 0 0.141932
296 0 0.181982
297 0 0.191594
298 0 0.227955
299 0 0.235789
300 0 0.147495
301 0 0.285614
302 0 0.145389
303 0 0.288162
304 0 0.177707
305 0 0.245432
306 0 0.191527
307 0 0.225543
308 0 0.177162
309 0 0.288186
310 0 0.289011
311 0 0.287731
312 0 0.186286
313 0 0.152368
314 0 0.163297
315 0 0.158273
316 0 0.217899
317 0 0.156141
318 0 0.255821
319 0 0.276637
320 0 0.287734
321 0 0.290044
322 0 0.288162
323 0 0.211042
324 0 0.28507
325 0 0.211181
326 0 0.283872
327 0 0.169444
328 0 0.204894
329 0 0.161636
330 0 0.288162
331 0 0.288705
332 0 0.288162
333 0 0.150436
334 0 0.288162
335 0 0.288162
336 0 0.288162
337 0 0.180222
338 0 0.289347
339 0 0.142827
340 0 0.288162
341 0 0.288494
342 0 0.157327
343 0 0.145656
344 0 0.142284
345 0 0.151811
346 0 0.151805
347 0 0.183788
348 0 0.146545
349 0 0.149829
350 0 0.151493
351 0 0.158504
352 0 0.171523
353 0 0.146316
354 0 0.147708
355 0 0.154857
356 0 0.181957
357 0 0.144365
358 0 0.141643
359 0 0.149191
360 0 0.150708
361 0 0.150128
362 0 0.193787
363 0 0.168843
364 0 0.190943
365 0 0.27486
366 0 0.156372
367 0 0.163695
368 0 0.232739
369 0 0.14817
370 0 0.188991
371 0 0.155894
372 0 0.145765
373 0 0.143969
374 0 0.161427
375 0 0.16454
376 0 0.166676
377 0 0.143484
378 0 0.151127
379 0 0.148938
380 0 0.18984
381 0 0.151182
382 0 0.189197
383 0 0.224499
384 0 0.176047
385 0 0.161965
386 0 0.158046
387 0 0.28807
388 0 0.185085
389 0 0.269705
390 0 0.302268
391 0 0.237171
392 0 0.252784
393 0 0.174092
394 0 0.145813
395 0 0.160318
396 0 0.167991
397 0 0.196129
398 0 0.17294
399 0 0.183677
400 0 0.151025
401 0 0.198733
402 0 0.172482
403 0 0.19357
404 0 0.257762
405 0 0.218765
406 0 0.160676
407 0 0.15005
408 0 0.175939
409 0 0.160636
410 0 0.143512
411 0 0.145301
412 0 0.188422
413 0 0.16852
414 0 0.193725
415 0 0.178817
416 0 0.173421
417 0 0.173455
418 0 0.151789
419 0 0.144152
420 0 0.191549
421 0 0.144949
422 0 0.155266
423 0 0.140993
424 0 0.147651
425 0 0.149481
426 0 0.167625
427 0 0.19977
428 0 0.151104
429 0 0.15665
430 0 0.169586
431 0 0.167793
432 0 0.240281
433 0 0.145303
434 0 0.155585
435 0 0.145195
436 0 0.151414
437 0 0.165264
438 0 0.142241
439 0 0.149745
440 0 0.14187
441 0 0.182976
442 0 0.164854
443 0 0.154197
444 0 0.224474
445 0 0.144086
446 0 0.146207
447 0 0.1885
448 0 0.157331
449 0 0.142545
450 0 0.151726
451 0 0.152016
452 0 0.146801
453 0 0.179989
454 0 0.142718
455 0 0.18458
456 0 0.190153
457 0 0.168998
458 0 0.164777
459 0 0.156217
460 0 0.150763
461 0 0.144677
462 0 0.179486
463 0 0.140771
464 0 0.153243
465 0 0.154009
466 0 0.164416
467 0 0.161077
468 0 0.15157
469 0 0.186123
470 0 0.154243
471 0 0.273103
472 0 0.167826
473 0 0.161662
474 0 0.150115
475 0 0.152806
476 0 0.159223
477 0 0.275759
478 0 0.146421
479 0 0.177284
480 0 0.159944
481 0 0.141274
482 0 0.165734
483 0 0.141768
484 0 0.167043
485 0 0.155101
486 0 0.142087
487 0 0.148146
488 0 0.162323
489 0 0.162915
490 0 0.169148
491 0 0.170538
492 0 0.160431
493 0 0.168675
494 0 0.152571
495 0 0.159073
496 0 0.168952
497 0 0.145384
498 0 0.164153
499 0 0.203463
500 0 0.220762
501 0 0.201363
502 0 0.145855
503 0 0.220656
504 0 0.141099
505 0 0.155969
506 0 0.174232
507 0 0.175022
508 0 0.146692
509 0 0.174076
510 0 0.153479
511 0 0.155928
512 0 0.15866
513 0 0.173618
514 0 0.144606
515 0 0.144761
516 0 0.266452
517 0 0.217133
518 0 0.175293
519 0 0.152997
520 0 0.181942
521 0 0.161046
522 0 0.225364
523 0 0.179069
524 0 0.182675
525 0 0.177146
526 0 0.174889
527 0 0.142769
528 0 0.154775
529 0 0.180397
530 0 0.164623
531 0 0.156571
532 0 0.144768
533 0 0.146602
534 0 0.143533
535 0 0.159943
536 0 0.156658
537 0 0.176169
538 0 0.186888
539 0 0.17463
540 0 0.164344
541 0 0.142762
542 0 0.142443
543 0 0.142475
544 0 0.158376
545 0 0.144828
546 0 0.141803
547 0 0.156992
548 0 0.143244
549 0 0.145933
550 0 0.161503
551 0 0.165531
552 0 0.162374
553 0 0.150038
554 0 0.152531
555 0 0.141585
556 0 0.142555
557 0 0.17952
558 0 0.143267
559 0 0.15663
560 0 0.189067
561 0 0.226403
562 0 0.187557
563 0 0.155689
564 0 0.308506
565 0 0.257949
566 0 0.147662
567 0 0.142471
568 0 0.150714
569 0 0.167912
570 0 0.175078
571 0 0.160431
572 0 0.14069
573 0 0.151571
574 0 0.153872
575 0 0.207017
576 0 0.159019
577 0 0.149479
578 0 0.202434
579 0 0.146832
580 0 0.164856
581 0 0.141548
582 0 0.145255
583 0 0.153262
584 0 0.145879
585 0 0.171423
586 0 0.146045
587 0 0.14592
588 0 0.143473
589 0 0.167001
590 0 0.179415
591 0 0.146437
592 0 0.166453
593 0 0.193945
594 0 0.146176
595 0 0.165432
596 0 0.155795
597 0 0.175505
598 0 0.161167
599 0 0.166309
600 0 0.173875
601 0 0.31562
602 0 0.221593
603 0 0.152231
604 0 0.156255
605 0 0.145545
606 0 0.141753
607 0 0.155883
608 0 0.26721
609 0 0.174291
610 0 0.144266
611 0 0.15571
612 0 0.149483
613 0 0.181855
614 0 0.146102
615 0 0.167318
616 0 0.167664
617 0 0.242033
618 0 0.228556
619 0 0.146839
620 0 0.150447
621 0 0.179205
622 0 0.152913
623 0 0.162298
624 0 0.159603
625 0 0.203703
626 0 0.183789
627 0 0.147101
628 0 0.147315
629 0 0.145383
630 0 0.141063
631 0 0.165531
632 0 0.14265
633 0 0.16895
634 0 0.144764
635 0 0.145773
636 0 0.14198
637 0 0.156554
638 0 0.18435
639 0 0.154596
640 0 0.141342
641 0 0.151867
642 0 0.14961
643 0 0.195061
644 0 0.152051
645 0 0.168721
646 0 0.178221
647 0 0.143449
648 0 0.14923
649 0 0.160033
650 0 0.230205
651 0 0.149458
652 0 0.141822
653 0 0.142225
654 0 0.154818
655 0 0.203258
656 0 0.24924
657 0 0.144422
658 0 0.144221
659 0 0.146009
660 0 0.171388
661 0 0.145901
662 0 0.166912
663 0 0.178999
664 0 0.271908
665 0 0.1609
666 0 0.141008
667 0 0.161835
668 0 0.160551
669 0 0.153158
670 0 0.143258
671 0 0.153669
672 0 0.145068
673 0 0.161848
674 0 0.170058
675 0 0.159701
676 0 0.142456
677 0 0.147678
678 0 0.152146
679 0 0.177092
680 0 0.170668
681 0 0.161052
682 0 0.166565
683 0 0.171952
684 0 0.222327
685 0 0.144584
686 0 0.283414
687 0 0.151929
688 0 0.157967
689 0 0.149997
690 0 0.165036
691 0 0.2848
692 0 0.24936
693 0 0.157985
694 0 0.160363
695 0 0.241002
696 0 0.153204
697 0 0.165158
698 0 0.182032
699 0 0.14603
700 0 0.228842
701 0 0.15615
702 0 0.152682
703 0 0.152943
704 0 0.288162
705 0 0.152509
706 0 0.173492
707 0 0.173978
708 0 0.158932
709 0 0.15262
710 0 0.151669
711 0 0.171154
712 0 0.160932
713 0 0.143147
714 0 0.146766
715 0 0.145804
716 0 0.189709
717 0 0.200209
718 0 0.194067
719 0 0.152652
720 0 0.146878
721 0 0.143091
722 0 0.14394
723 0 0.151373
724 0 0.143474
725 0 0.169485
726 0 0.143612
727 0 0.145602
728 0 0.150196
729 0 0.165768
730 0 0.145898
731 0 0.146738
732 0 0.158605
733 0 0.207116
734 0 0.260343
735 0 0.147064
736 0 0.154186
737 0 0.226222
738 0 0.193335
739 0 0.149714
740 0 0.185404
741 0 0.147489
742 0 0.270146
743 0 0.177983
744 0 0.170103
745 0 0.147248
746 0 0.145066
747 0 0.275007
748 0 0.181328
749 0 0.141029
750 0 0.141373
751 0 0.18756
752 0 0.154709
753 0 0.143693
754 0 0.141033
755 0 0.161374
756 0 0.282999
757 0 0.146734
758 0 0.18111
759 0 0.149978
760 0 0.150458
761 0 0.179288
762 0 0.145283
763 0 0.144062
764 0 0.175687
765 0 0.165168
766 0 0.173125
767 0 0.16839
768 0 0.144908
769 0 0.231599
770 0 0.262577
771 0 0.210542
772 0 0.15371
773 0 0.262273
774 0 0.152764
775 0 0.151249
776 0 0.283108
777 0 0.163827
778 0 0.157254
779 0 0.227049
780 0 0.156298
781 0 0.143057
782 0 0.164336
783 0 0.285086
784 0 0.29303
785 0 0.153042
786 0 0.148365
787 0 0.264269
788 0 0.284282
789 0 0.143549
790 0 0.157657
791 0 0.142462
792 0 0.183417
793 0 0.193647
794 0 0.154327
795 0 0.141563
796 0 0.145998
797 0 0.288162
798 0 0.156058
799 0 0.15661
800 0 0.1406
801 0 0.145589
802 0 0.142214
803 0 0.160435
804 0 0.171344
805 0 0.142055
806 0 0.156866
807 0 0.176912
808 0 0.188309
809 0 0.17635
810 0 0.170375
811 0 0.140738
812 0 0.151182
813 0 0.154881
814 0 0.144035
815 0 0.160932
816 0 0.162914
817 0 0.225752
818 0 0.161645
819 0 0.141281
820 0 0.187768
821 0 0.157297
822 0 0.141959
823 0 0.142582
824 0 0.150423
825 0 0.143109
826 0 0.155157
827 0 0.211559
828 0 0.17603
829 0 0.278861
830 0 0.267592
831 0 0.143246
832 0 0.187485
833 0 0.149332
834 0 0.18211
835 0 0.142429
836 0 0.141833
837 0 0.144645
838 0 0.17717
839 0 0.142524
840 0 0.156296
841 0 0.20237
842 0 0.148739
843 0 0.146451
844 0 0.145316
845 0 0.142145
846 0 0.150622
847 0 0.165864
848 0 0.145537
849 0 0.243392
850 0 0.151676
851 0 0.220203
852 0 0.249379
853 0 0.178864
854 0 0.1668
855 0 0.159627
856 0 0.154049
857 0 0.157353
858 0 0.144442
859 0 0.282751
860 0 0.150828
861 0 0.221762
862 0 0.150706
863 0 0.184034
864 0 0.182103
865 0 0.204817
866 0 0.160528
867 0 0.167967
868 0 0.213549
869 0 0.140744
870 0 0.163959
871 0 0.158692
872 0 0.167656
873 0 0.147692
874 0 0.14967
875 0 0.153103
876 0 0.145674
877 0 0.163034
878 0 0.18318
879 0 0.156313
880 0 0.169191
881 0 0.164834
882 0 0.250202
883 0 0.268781
884 0 0.205817
885 0 0.151014
886 0 0.14094
887 0 0.150016
888 0 0.14398
889 0 0.169101
890 0 0.154495
891 0 0.14205
892 0 0.1406
893 0 0.143058
894 0 0.234527
895 0 0.172015
896 0 0.16376
897 0 0.340423
898 0 0.295045
899 0 0.150213
900 0 0.158885
901 0 0.212682
902 0 0.257508
903 0 0.26424
904 0 0.145362
905 0 0.173863
906 0 0.143477
907 0 0.149448
908 0 0.281508
909 0 0.149577
910 0 0.267086
911 0 0.243832
912 0 0.195645
913 0 0.151955
914 0 0.163205
915 0 0.141949
916 0 0.187319
917 0 0.147506
918 0 0.153968
919 0 0.178654
920 0 0.180351
921 0 0.168443
922 0 0.15535
923 0 0.245866
924 0 0.141674
925 0 0.143636
926 0 0.290413
927 0 0.143153
928 0 0.15053
929 0 0.277156
930 0 0.176136
931 0 0.209055
932 0 0.144724
933 0 0.151683
934 0 0.153105
935 0 0.171457
936 0 0.174948
937 0 0.154992
938 0 0.164255
939 0 0.180877
940 0 0.147454
941 0 0.142641
942 0 0.292509
943 0 0.142555
944 0 0.172791
945 0 0.188288
946 0 0.155527
947 0 0.14094
948 0 0.179104
949 0 0.176867
950 0 0.172603
951 0 0.189734
952 0 0.171638
953 0 0.149637
954 0 0.143812
955 0 0.185473
956 0 0.191737
957 0 0.174105
958 0 0.140993
959 0 0.14712
960 0 0.148811
961 0 0.171875
962 0 0.213987
963 0 0.180883
964 0 0.16652
965 0 0.143062
966 0 0.142186
967 0 0.14656
968 0 0.176952
969 0 0.150817
970 0 0.144705
971 0 0.1452
972 0 0.158082
973 0 0.194723
974 0 0.192442
975 0 0.156351
976 0 0.149368
977 0 0.142087
978 0 0.283203
979 0 0.160323
980 0 0.150239
981 0 0.142739
982 0 0.147328
983 0 0.14766
984 0 0.173291
985 0 0.147058
986 0 0.148197
987 0 0.141514
988 0 0.160768
989 0 0.163062
990 0 0.189254
991 0 0.181368
992 0 0.187738
993 0 0.16982
994 0 0.153885
995 0 0.212979
996 0 0.28911
997 0 0.160497
998 0 0.210565
999 0 0.152423
1000 0 0.140947
1001 0 0.191769
1002 0 0.269006
1003 0 0.148812
1004 0 0.270589
1005 0 0.175158
1006 0 0.168115
1007 0 0.279027
1008 0 0.262565
1009 0 0.292623
1010 0 0.146966
1011 0 0.147608
1012 0 0.155322
1013 0 0.16833
1014 0 0.143708
1015 0 0.169792
1016 0 0.1406
1017 0 0.190138
1018 0 0.194489
1019 0 0.161547
1020 0 0.146432
1021 0 0.26945
1022 0 0.166767
1023 0 0.286905
1024 0 0.161979
1025 0 0.146905
1026 0 0.152731
1027 0 0.150737
1028 0 0.229094
1029 0 0.155883
1030 0 0.148376
1031 0 0.18635
1032 0 0.175354
1033 0 0.19013
1034 0 0.143729
1035 0 0.150106
1036 0 0.148879
1037 0 0.180394
1038 0 0.154972
1039 0 0.144843
1040 0 0.162228
1041 0 0.173392
1042 0 0.157762
1043 0 0.144329
1044 0 0.157707
1045 0 0.199711
1046 0 0.151548
1047 0 0.141083
1048 0 0.174718
1049 0 0.162155
1050 0 0.143921
1051 0 0.16291
1052 0 0.142089
1053 0 0.156803
1054 0 0.150533
1055 0 0.180739
1056 0 0.283872
1057 0 0.146418
1058 0 0.147141
1059 0 0.168697
1060 0 0.160024
1061 0 0.141531
1062 0 0.173657
1063 0 0.175263
1064 0 0.14731
1065 0 0.148697
1066 0 0.149205
1067 0 0.211518
1068 0 0.179214
1069 0 0.201249
1070 0 0.279883
1071 0 0.160934
1072 0 0.154117
1073 0 0.150852
1074 0 0.278455
1075 0 0.283299
1076 0 0.148623
1077 0 0.168191
1078 0 0.148821
1079 0 0.166531
1080 0 0.148495
1081 0 0.142064
1082 0 0.145762
1083 0 0.158273
1084 0 0.141042
1085 0 0.14962
1086 0 0.159471
1087 0 0.187523
1088 0 0.147876
1089 0 0.180369
1090 0 0.140839
1091 0 0.143725
1092 0 0.15216
1093 0 0.19704
1094 0 0.160896
1095 0 0.164176
1096 0 0.161276
1097 0 0.261394
1098 0 0.161166
1099 0 0.142788
1100 0 0.145069
1101 0 0.14321
1102 0 0.17099
1103 0 0.155395
1104 0 0.162033
1105 0 0.157566
1106 0 0.173421
1107 0 0.152794
1108 0 0.149623
1109 0 0.214237
1110 0 0.174933
1111 0 0.162578
1112 0 0.160444
1113 0 0.165765
1114 0 0.152137
1115 0 0.146431
1116 0 0.1406
1117 0 0.150278
1118 0 0.152632
1119 0 0.182668
1120 0 0.24232
1121 0 0.206039
1122 0 0.147173
1123 0 0.142106
1124 0 0.1767
1125 0 0.14264
1126 0 0.160199
1127 0 0.141932
1128 0 0.166236
1129 0 0.165381
1130 0 0.143768
1131 0 0.178824
1132 0 0.15796
1133 0 0.182911
1134 0 0.14614
1135 0 0.17915
1136 0 0.155418
1137 0 0.187713
1138 0 0.150236
1139 0 0.142424
1140 0 0.180283
1141 0 0.144764
1142 0 0.141469
1143 0 0.167826
1144 0 0.162169
1145 0 0.189974
1146 0 0.153265
1147 0 0.186696
1148 0 0.149813
1149 0 0.208782
1150 0 0.215568
1151 0 0.154857
1152 0 0.279278
1153 0 0.187107
1154 0 0.158429
1155 0 0.174078
1156 0 0.160604
1157 0 0.14518
1158 0 0.151768
1159 0 0.14863
1160 0 0.199363
1161 0 0.15151
1162 0 0.145713
1163 0 0.160179
1164 0 0.168045
1165 0 0.145091
1166 0 0.174761
1167 0 0.162778
1168 0 0.157593
1169 0 0.142856
1170 0 0.178501
1171 0 0.145619
1172 0 0.204305
1173 0 0.225613
1174 0 0.14098
1175 0 0.205559
1176 0 0.252184
1177 0 0.258367
1178 0 0.296846
1179 0 0.158623
1180 0 0.203888
1181 0 0.144912
1182 0 0.183377
1183 0 0.153369
1184 0 0.148821
1185 0 0.16002
1186 0 0.141944
1187 0 0.180965
1188 0 0.16253
1189 0 0.152375
1190 0 0.24639
1191 0 0.159782
1192 0 0.143418
1193 0 0.146172
1194 0 0.169705
1195 0 0.181501
1196 0 0.141178
1197 0 0.155529
1198 0 0.140676
1199 0 0.142376
1200 0 0.20497
1201 0 0.143215
1202 0 0.147651
1203 0 0.15761
1204 0 0.142205
1205 0 0.140612
1206 0 0.245478
1207 0 0.326192
1208 0 0.153808
1209 0 0.158211
1210 0 0.158569
1211 0 0.144297
1212 0 0.194356
1213 0 0.152447
1214 0 0.185154
1215 0 0.197547
1216 0 0.170582
1217 0 0.166682
1218 0 0.144761
1219 0 0.254229
1220 0 0.205534
1221 0 0.167942
1222 0 0.159209
1223 0 0.28844
1224 0 0.14448
1225 0 0.15938
1226 0 0.150353
1227 0 0.142103
1228 0 0.142492
1229 0 0.146534
1230 0 0.14265
1231 0 0.144177
1232 0 0.172858
1233 0 0.187066
1234 0 0.167338
1235 0 0.167727
1236 0 0.174846
1237 0 0.155039
1238 0 0.167131
1239 0 0.144607
1240 0 0.146146
1241 0 0.146292
1242 0 0.146148
1243 0 0.150691
1244 0 0.159541
1245 0 0.153988
1246 0 0.178494
1247 0 0.144946
1248 0 0.248714
1249 0 0.168503
1250 0 0.171987
1251 0 0.177135
1252 0 0.150955
1253 0 0.29909
1254 0 0.179248
1255 0 0.140793
1256 0 0.233682
1257 0 0.147906
1258 0 0.276051
1259 0 0.150003
1260 0 0.162292
1261 0 0.156857
1262 0 0.160321
1263 0 0.168013
1264 0 0.159239
1265 0 0.168009
1266 0 0.166168
1267 0 0.160224
1268 0 0.155948
1269 0 0.185196
1270 0 0.152299
1271 0 0.193455
1272 0 0.153889
1273 0 0.179696
1274 0 0.151791
1275 0 0.160639
1276 0 0.154937
1277 0 0.284647
1278 0 0.168703
1279 0 0.142286
1280 0 0.167989
1281 0 0.173074
1282 0 0.149061
1283 0 0.146592
1284 0 0.171337
1285 0 0.144331
1286 0 0.147605
1287 0 0.156953
1288 0 0.152622
1289 0 0.170582
1290 0 0.179013
1291 0 0.16351
1292 0 0.285704
1293 0 0.146618
1294 0 0.14991
1295 0 0.174555
1296 0 0.146157
1297 0 0.257806
1298 0 0.175486
1299 0 0.17243
1300 0 0.174443
1301 0 0.203196
1302 0 0.158362
1303 0 0.17451
1304 0 0.203285
1305 0 0.142676
1306 0 0.259495
1307 0 0.161925
1308 0 0.188857
1309 0 0.170094
1310 0 0.148556
1311 0 0.144167
1312 0 0.148213
1313 0 0.147875
1314 0 0.155748
1315 0 0.143011
1316 0 0.169964
1317 0 0.210598
1318 0 0.149227
1319 0 0.165806
1320 0 0.159582
1321 0 0.286363
1322 0 0.191062
1323 0 0.159862
1324 0 0.141189
1325 0 0.178605
1326 0 0.248224
1327 0 0.162666
1328 0 0.166919
1329 0 0.154681
1330 0 0.150149
1331 0 0.193759
1332 0 0.157737
1333 0 0.155615
1334 0 0.147026
1335 0 0.143322
1336 0 0.184436
1337 0 0.1509
1338 0 0.146187
1339 0 0.154937
1340 0 0.279973
1341 0 0.187672
1342 0 0.151904
1343 0 0.141407
1344 0 0.142975
1345 0 0.160056
1346 0 0.149635
1347 0 0.145173
1348 0 0.149428
1349 0 0.174136
1350 0 0.14404
1351 0 0.141125
1352 0 0.171462
1353 0 0.188617
1354 0 0.172901
1355 0 0.161943
1356 0 0.148013
1357 0 0.15685
1358 0 0.195446
1359 0 0.140954
1360 0 0.262694
1361 0 0.210347
1362 0 0.193552
1363 0 0.203307
1364 0 0.186782
1365 0 0.174493
1366 0 0.159422
1367 0 0.153943
1368 0 0.140738
1369 0 0.160675
1370 0 0.174041
1371 0 0.177399
1372 0 0.16406
1373 0 0.157136
1374 0 0.145152
1375 0 0.157421
1376 0 0.143239
1377 0 0.163902
1378 0 0.191329
1379 0 0.197899
1380 0 0.225598
1381 0 0.177826
1382 0 0.188251
1383 0 0.303146
1384 0 0.160861
1385 0 0.145747
1386 0 0.153707
1387 0 0.172541
1388 0 0.141231
1389 0 0.158538
1390 0 0.144215
1391 0 0.150283
1392 0 0.169144
1393 0 0.195011
1394 0 0.260238
1395 0 0.194526
1396 0 0.180761
1397 0 0.14327
1398 0 0.164282
1399 0 0.142938
1400 0 0.181244
1401 0 0.169098
1402 0 0.193715
1403 0 0.185468
1404 0 0.145871
1405 0 0.141989
1406 0 0.169462
1407 0 0.141631
1408 0 0.149531
1409 0 0.248496
1410 0 0.20174
1411 0 0.156687
1412 0 0.169644
1413 0 0.147495
1414 0 0.144217
1415 0 0.161875
1416 0 0.142263
1417 0 0.193868
1418 0 0.150322
1419 0 0.159173
1420 0 0.153484
1421 0 0.189345
1422 0 0.248625
1423 0 0.191843
1424 0 0.252288
1425 0 0.17825
1426 0 0.181414
1427 0 0.287731
1428 0 0.169686
1429 0 0.264248
1430 0 0.158514
1431 0 0.170972
1432 0 0.141812
1433 0 0.150403
1434 0 0.167975
1435 0 0.199494
1436 0 0.29399
1437 0 0.15592
1438 0 0.159901
1439 0 0.148655
1440 0 0.183663
1441 0 0.22365
1442 0 0.181254
1443 0 0.177107
1444 0 0.160874
1445 0 0.156228
1446 0 0.152526
1447 0 0.175216
1448 0 0.185884
1449 0 0.261363
1450 0 0.157607
1451 0 0.141945
1452 0 0.165182
1453 0 0.280181
1454 0 0.153193
1455 0 0.159014
1456 0 0.143222
1457 0 0.144083
1458 0 0.161613
1459 0 0.240672
1460 0 0.177105
1461 0 0.160375
1462 0 0.144414
1463 0 0.153886
1464 0 0.156527
1465 0 0.144946
1466 0 0.170137
1467 0 0.167505
1468 0 0.146068
1469 0 0.143924
1470 0 0.145387
1471 0 0.239022
1472 0 0.181724
1473 0 0.171895
1474 0 0.16648
1475 0 0.196967
1476 0 0.177276
1477 0 0.153943
1478 0 0.175877
1479 0 0.167873
1480 0 0.159999
1481 0 0.198493
1482 0 0.148965
1483 0 0.175254
1484 0 0.149662
1485 0 0.159799
1486 0 0.151061
1487 0 0.168156
1488 0 0.205392
1489 0 0.168468
1490 0 0.17585
1491 0 0.168794
1492 0 0.156215
1493 0 0.257119
1494 0 0.159142
1495 0 0.150835
1496 0 0.140891
1497 0 0.144926
1498 0 0.177323
1499 0 0.163697
1500 0 0.288162
1501 0 0.27454
